46318, 0
26130, 1
2708, 1
3533, 1
3589, 1
3336, 1
3385, 1
3498, 1
3633, 1
41378, 1
3268, 1
3467, 1
3562, 1
3450, 1
40978, 1
41427, 1
43987, 1
3762, 1
40708, 1
42170, 1
3680, 1
3705, 1
39830, 1
3729, 1
40093, 1
41688, 1
42466, 1
43266, 1
45076, 1
3746, 1
3770, 1
3786, 1
3817, 1
3831, 1
3842, 1
3856, 1
3861, 1
3865, 1
3916, 1
3930, 1
3939, 1
4157, 1
43621, 1
44332, 1
3989, 1
4017, 1
4057, 1
40033, 1
41838, 1
3995, 1
4106, 1
4200, 1
39892, 1
40540, 1
41843, 1
4002, 1
4248, 1
4374, 1
40976, 1
4029, 1
4036, 1
4074, 1
4141, 1
4282, 1
4412, 1
4046, 1
4051, 1
4314, 1
4487, 1
41865, 1
42321, 1
4484, 1
4819, 1
4824, 1
4827, 1
4840, 1
4847, 1
4854, 1
4893, 1
42683, 1
4920, 1
4934, 1
4953, 1
5011, 1
5076, 1
5109, 1
44465, 1
4938, 1
4970, 1
45448, 1
46328, 1
46558, 1
46724, 1
48328, 1
50389, 1
4943, 1
46047, 1
46647, 1
50063, 1
50517, 1
4964, 1
4991, 1
45757, 1
46436, 1
46563, 1
46618, 1
46622, 1
46633, 1
46744, 1
4979, 1
45720, 1
46309, 1
46322, 1
46568, 1
46602, 1
46606, 1
46672, 1
46734, 1
46517, 1
46574, 1
46615, 1
46684, 1
46694, 1
49025, 1
49865, 1
46301, 1
46485, 1
46547, 1
46571, 1
46679, 1
46705, 1
46440, 1
46537, 1
46594, 1
46598, 1
46600, 1
46639, 1
46657, 1
46676, 1
46763, 1
48262, 1
25711, 1
25731, 1
25736, 1
25743, 1
25839, 1
26103, 1
26127, 1
46580, 1
46608, 1
46667, 1
26291, 1
26957, 1
46698, 1
46717, 1
26123, 1
26919, 1
46731, 1
26069, 1
26110, 1
26226, 1
26683, 1
26871, 1
26186, 1
26980, 1
46766, 1
50211, 1
26946, 1
26845, 1
26862, 1
26886, 1
26978, 1
26916, 1
26923, 1
26951, 1
48374, 1
26965, 1
27030, 1
27131, 1
27213, 1
27280, 1
28464, 1
28293, 1
28838, 1
27036, 1
27134, 1
27235, 1
28643, 1
29415, 1
25734, 2
26969, 2
26993, 2
27006, 2
27003, 2
26910, 2
26927, 2
26931, 2
24100, 2
26949, 2
39849, 2
27001, 2
43603, 2
3608, 2
48267, 2
26960, 2
26972, 2
5130, 2
26879, 2
26116, 2
25808, 2
26615, 2
26954, 2
25395, 2
26998, 2
26105, 2
27009, 2
27013, 2
39217, 2
25775, 2
46810, 2
45970, 2
27015, 2
45711, 2
48686, 2
27019, 2
27023, 2
27026, 2
40970, 2
39144, 2
43909, 2
26132, 2
50546, 2
45681, 2
27028, 2
27034, 2
4125, 2
4181, 2
46742, 2
26555, 2
26882, 2
26940, 2
26741, 2
27039, 2
43754, 2
25388, 2
25409, 2
39822, 2
26875, 2
26903, 2
4206, 2
26943, 2
25416, 2
26976, 2
3927, 2
26933, 2
26896, 2
26974, 2
43650, 2
25726, 2
25849, 2
26986, 2
39806, 2
25192, 2
25422, 2
4816, 2
38850, 3
46555, 3
40974, 3
50485, 3
45697, 3
4220, 4
43542, 4
49003, 4
297, 4
2715, 5
35447, 5
36432, 5
36148, 5
27509, 5
45672, 5
45677, 5
28381, 5
28766, 5
2763, 5
46972, 5
29857, 6
30116, 6
32031, 6
34302, 6
26890, 6
26914, 6
43309, 6
39740, 6
36075, 6
26967, 6
35410, 6
39704, 6
39426, 6
39249, 6
36934, 6
49948, 6
38578, 6
35042, 6
37183, 6
39670, 6
39292, 6
39183, 6
39124, 6
38238, 6
45689, 6
27021, 6
27223, 6
35542, 6
26499, 6
38717, 6
32599, 6
37534, 6
37942, 6
35221, 6
37354, 6
27353, 6
38606, 6
37854, 6
39633, 6
39103, 6
38819, 6
38793, 6
38430, 6
39074, 6
35513, 6
37551, 6
37446, 6
29551, 6
31427, 6
32267, 6
26154, 6
39139, 6
2723, 6
30748, 6
30940, 6
34391, 6
37503, 6
37515, 6
36499, 7
27296, 7
22100, 7
26125, 7
27774, 7
38475, 7
20383, 7
2733, 7
27278, 7
2685, 7
41692, 7
10047, 8
26098, 8
39788, 8
34692, 8
39577, 8
2756, 9
2738, 9
2719, 9
10255, 9
44011, 9
32839, 9
33704, 9
35850, 9
11964, 10
3937, 10
37407, 10
39028, 10
2711, 10
3270, 10
1187, 10
3811, 11
3610, 11
3720, 11
2875, 11
12053, 11
11772, 11
3666, 11
2689, 11
24172, 11
3820, 11
2713, 11
2726, 11
2735, 11
35835, 11
12129, 11
48379, 11
3460, 11
13129, 12
11810, 12
36891, 12
34540, 12
12034, 12
12072, 12
12116, 12
34232, 12
4000, 12
36425, 12
13010, 12
13232, 12
35762, 12
12830, 12
12840, 12
12844, 12
12881, 12
13003, 12
13016, 12
13035, 12
13046, 12
13204, 12
2731, 12
34383, 12
2717, 12
20841, 12
12850, 12
13108, 12
34260, 12
3465, 12
34285, 12
3715, 12
33434, 12
32970, 12
20926, 12
11756, 12
4040, 13
44907, 13
35797, 13
35966, 13
36416, 13
5151, 13
37225, 13
37260, 13
12785, 13
12776, 13
12816, 13
30852, 13
12793, 13
12797, 13
13252, 13
20069, 13
2591, 13
33030, 13
38844, 13
36448, 13
3969, 13
4951, 14
49361, 14
25190, 14
5138, 14
37170, 14
1728, 14
33741, 14
5293, 14
4432, 14
4044, 14
4190, 14
4009, 14
4438, 14
5145, 14
4014, 15
37216, 15
5224, 15
35939, 15
5162, 15
36859, 15
5310, 15
3932, 16
33814, 16
32874, 16
4202, 16
4196, 16
2774, 16
3941, 16
10060, 16
3975, 16
11156, 17
5231, 17
5157, 17
19153, 19
9748, 19
3925, 19
2721, 20
15164, 20
19991, 20
44195, 21
49022, 21
48509, 21
41447, 21
4007, 22
2728, 22
40868, 23
26189, 23
26134, 23
26143, 23
25677, 24
26311, 24
26120, 25
1726, 27
39760, 27
2750, 29
37511, 29
10656, 35
45304, 35
2386, 36
44460, 36
15917, 37
3661, 37
3626, 37
3470, 38
20193, 38
3670, 38
11860, 38
3519, 39
42514, 39
42594, 39
42521, 39
43452, 39
19145, 39
20104, 40
42330, 40
9987, 41
2912, 41
3658, 41
42665, 41
2864, 42
3815, 42
3808, 42
3615, 42
3734, 42
3606, 42
3630, 42
3726, 42
2869, 42
3529, 43
3283, 43
41683, 43
21619, 43
21605, 44
21603, 44
3227, 44
10463, 45
40008, 45
25842, 46
10317, 48
37583, 49
21832, 49
37630, 50
37603, 50
21574, 50
15253, 50
37527, 51
27670, 54
10544, 54
10220, 54
10134, 55
2498, 56
10486, 56
27032, 57
23245, 67
22872, 69
20833, 71
20565, 71
21168, 72
20282, 72
20280, 72
20902, 72
20819, 72
20838, 72
20830, 72
20824, 73
20430, 73
12030, 78
11866, 79
15077, 79
15188, 79
11083, 80
10431, 80
4731, 81
9258, 81
15168, 81
10404, 81
9480, 81
11045, 81
11893, 81
10094, 82
11887, 82
9577, 82
4552, 82
10086, 82
3778, 83
10103, 83
9559, 83
4454, 84
4522, 84
4528, 84
4619, 84
2780, 85
4791, 85
3049, 85
3044, 85
2765, 85
3028, 85
2752, 85
2650, 86
2886, 86
2881, 86
3211, 86
2745, 86
4507, 86
2767, 87
2754, 87
2634, 87
3039, 87
2888, 87
3986, 87
2648, 87
2761, 87
2785, 88
2778, 88
2801, 89
2772, 89
2782, 89
2795, 89
3032, 89
2652, 89
2646, 89
2759, 89
2641, 90
2992, 90
2878, 91
2644, 91
2655, 91
2884, 92
2770, 92
2748, 92
2776, 92
2658, 92
2627, 93
2625, 93
2638, 96
2416, 104
219, 172
